1519753313390149632
1519723116259201024
1519451328820518912
1519421125637275648
1519390930507337730
1519360726460076033
1519179534502969345
1519119136730718208
1519088938182275072
1519058742456864768
1519028541710639107
1518998346643427328
1518968143074451459
1518756750760939520
1518726549352030208
1518696353421049859
1518666165823889409
1518635950796165120
1518605766596300800
1518394360743620608
1518379266659946496
1518349065074843648
1518318864630644736
1518288663049777152
1518258469597376512
1518001775143362561
1517971574724251648
1517941374007529475
1517926277696528389
1517911176532971520
1517896077231497216
1517639389492310016
1517609189857804296
1517578989145010177
1517548797030658049
1517533688774463488
1517277001215889408
1517246804861108224
1517231699641389056
1517216601732304896
1517186408129122305
1516914611479404545
1516884416718532609
1516854218379857921
1516824022125879300
1516808917761855503
1516569836691890176
1516537124677431308
1516522022385246210
1516491826710167552
1516476728465494017
1516461624722403335
1516189839330324480
1516159636054847490
1516129442313261059
1516099239213867008
1516084141728612355
1515827446561611785
1515797246201245702
1515767049410138113
1515736848340979714
1515721749723238402
1515465062370066432
1515434861535719424
1515404663381655557
1515374465001041920
1515359361257938957
1515102677113442316
1515072475528278016
1515042279269953537
1515012072207273992
1514996975959265281
1514740282734043141
1514710085754261512
1514679890502512641
1514649695531978758
1514634584947785735
1514413125637918726
1514408092611620867
1514377900107046915
1514347696655589389
1514317499172630537
1514287300389191680
1514272209790914562
1514015515550883856
1513985312896151554
1513955116792963077
1513924910086864904
1513653121137844229
1513622920664268800
1513592721608433665
1513562526012821504
1513313379703660545
1513290737080745984
1513260531267813390
1513230331872129024
1513200132824649733
1513185035096137732
1513169942048301062
1512928353233240065
1512898146602401793
1512867945193615367
1512837754039595015
1512822657896624142
1512565956605886472
1512560920911925251
1512535759227555847
1512505556069720064
1512475357533773824
1512203569000235012
1512173367360638977
1512143170708062212
1512112975083020290
1511841184620158978
1511810979251855361
1511780784822181894
1511750589226512385
1511509496073400324
1511478791297667072
1511448592556326913
1511418393408118785
1511388202216480774
1511139052292034564
1511116404912652291
1511086207362494464
1511056010777038849
1511025808051249162
1510784216841089026
1510754019135815683
1510723821904568334
1510693620092968961
1510391632369135618
1510361431320891396
1510331232864940032
1510301030654783491
1510059445849493512
1510029241735335943
1509999039961460737
1509968842004520964
1509963000370896898
1509666861591326735
1509637770356170757
1509606454285635590
1509576261588430868
1509334668147146755
1509304470286618625
1509274266075742210
1509244074083160073
1508972275613196290
1508947008031268871
1508911882853224455
1508881677682020357
1508866584369983490